-0.65609987977 -0.741448426065 -0.715038499734 -0.707985430214 
0.0 -0.2 0.0 0.0 
0.0 0.0 0.0 0.0 
0.0 -0.767019482204 -0.80380587975 -0.80380587975 
0.0 0.0 0.0 0.0 
0.0 -0.2 0.0 0.0 
0.0 0.0 0.0 0.0 
0.0 0.0 0.0 0.0 
0.0 0.0 0.0 0.0 
0.0 0.0 0.0 0.0 
0.0 0.0 0.0 0.0 
0.0 0.0 0.0 0.0 
-0.2 -0.36 0.0 -0.2 
0.0 0.0 0.0 0.0 
0.0 0.0 0.0 0.0 
0.0 0.0 0.0 0.0 
0.0 -0.126242195643 -0.130946800524 -0.130946800524 
-0.764479606187 -0.749645702948 -0.725803946257 -0.798338047435 
0.0 0.0 0.0 0.0 
0.0 -0.964815627911 -0.964815627911 -0.964815627911 
-0.711377436005 -0.653641688075 -0.703341643041 -0.786239188088 
-0.489474911343 -0.496556504932 -0.468563943129 -0.489274405882 
0.0 0.0 0.0 0.0 
0.0 -0.702456684401 -0.702041595438 -0.699947282944 
0.0 0.0 0.0 0.0 
0.0 0.0 0.0 0.0 
0.0 0.0 0.0 0.0 
0.0 0.0 0.0 0.0 
-0.36 -0.36 0.0 -0.36 
0.0 0.0 0.0 0.0 
0.0 0.0 0.0 0.0 
0.0 0.0 0.0 0.0 
0.0 0.0 0.0 0.0 
0.0 0.0 0.0 0.0 
0.0 0.0 0.0 0.0 
0.0 0.0 0.0 0.0 
0.0 0.0 0.0 0.0 
0.0 0.0 0.0 0.0 
0.0 0.0 0.0 0.0 
0.0 0.0 0.0 0.0 
0.0 0.0 0.0 0.0 
0.0 0.0 0.0 0.0 
0.0 0.0 0.0 0.0 
0.0 0.0 0.0 0.0 
0.0 0.0 0.0 0.0 
0.0 0.0 0.0 0.0 
0.0 0.0 0.0 0.0 
0.0 0.0 0.0 0.0 
-0.5904 0.0 -0.5904 -0.67232 
0.0 0.0 0.0 0.0 
0.0 0.0 0.0 0.0 
0.0 0.0 0.0 0.0 
0.0 0.0 0.0 0.0 
-0.945024418611 0.0 -0.945024418611 -0.91410065408 
0.0 0.0 0.0 0.0 
0.0 0.0 0.0 0.0 
0.0 0.0 0.0 0.0 
0.0 0.0 0.0 0.0 
0.0 0.0 0.0 0.0 
0.0 0.0 0.0 0.0 
0.0 0.0 0.0 0.0 
0.0 0.0 0.0 0.0 
0.0 0.0 0.0 0.0 
0.0 0.0 0.0 0.0 
0.0 0.0 0.0 0.0 
-0.655827828165 -0.655822813581 -0.655835481123 -0.656454770049 
0.0 0.0 0.0 0.0 
0.0 0.0 0.0 0.0 
-0.488 -0.511632892385 -0.574695811971 -0.509769428568 
0.0 -0.1936 -0.1936 0.0 
0.0 0.0 0.0 0.0 
0.0 0.0 0.0 0.0 
0.0 0.0 0.0 0.0 
0.0 0.0 0.0 0.0 
0.0 0.0 0.0 0.0 
0.0 0.0 0.0 0.0 
-0.488 -0.2 0.0 -0.2 
0.0 0.0 0.0 0.0 
0.0 0.0 0.0 0.0 
0.0 0.0 0.0 0.0 
0.0 0.0 0.0 0.0 
-0.59800277815 -0.6196207177 -0.631544052015 -0.620585541357 
0.0 0.0 0.0 0.0 
0.0 0.0 0.0 0.0 
0.0 0.0 0.0 0.0 
-0.655872694385 -0.858960130839 -0.85141367019 -0.735508281625 
0.0 0.0 0.0 -0.12839296251 
0.0 -0.999999999988 -0.99999999999 -0.999999999987 
0.0 0.0 0.0 0.0 
0.0 0.0 0.0 0.0 
0.0 0.0 0.0 0.0 
0.0 0.0 0.0 0.0 
0.0 0.0 0.0 0.0 
-0.986723050439 -0.986723050439 0.0 -0.989378440351 
0.0 0.0 0.0 0.0 
0.0 0.0 0.0 0.0 
0.0 0.0 0.0 0.0 
0.0 0.0 0.0 0.0 
0.0 0.0 0.0 0.0 
0.0 0.0 0.0 0.0 
0.0 0.0 0.0 0.0 
0.0 0.0 0.0 0.0 
-0.655810903798 -0.681922578537 -0.697666254529 -0.67921236906 
0.0 -0.999999997036 -0.999999997036 -0.999999997036 
0.0 0.0 0.0 0.0 
-0.637393068512 -0.677626204404 -0.594800756026 -0.650757577138 
-0.231733131303 -0.34988118847 -0.239049129343 -0.24588891291 
0.0 0.0 0.0 0.0 
0.0 0.0 0.0 0.0 
-0.05 -0.0975 0.0 -0.0975 
0.0 0.0 0.0 0.0 
0.0 0.0 0.0 0.0 
0.0 0.0 0.0 0.0 
-0.2 0.0 -0.36 -0.488 
0.0 0.0 0.0 0.0 
0.0 0.0 -0.36 -0.2 
0.0 0.0 0.0 0.0 
-0.999999999986 0.0 -0.999999999989 -0.999999999989 
-0.999996258556 0.0 -0.999996258556 -0.999996258556 
0.0 0.0 -0.737856 -0.737856 
0.0 0.0 0.0 0.0 
-0.0975 0.0 -0.142625 -0.0975 
0.0 0.0 0.0 0.0 
0.0 0.0 -0.264908109375 -0.2262190625 
0.0 0.0 0.0 0.0 
-0.67232 0.0 0.0 -0.737856 
0.0 0.0 0.0 0.0 
0.0 0.0 0.0 0.0 
0.0 0.0 0.0 0.0 
0.0 0.0 0.0 0.0 
0.0 0.0 0.0 0.0 
0.0 0.0 0.0 0.0 
0.0 0.0 0.0 0.0 
0.0 0.0 0.0 0.0 
0.0 0.0 0.0 0.0 
0.0 0.0 0.0 0.0 
0.0 0.0 0.0 0.0 
0.0 0.0 0.0 0.0 
0.0 0.0 0.0 0.0 
0.0 0.0 0.0 0.0 
0.0 0.0 0.0 0.0 
0.0 0.0 0.0 0.0 
0.0 0.0 0.0 0.0 
0.0 0.0 0.0 0.0 
0.0 0.0 0.0 0.0 
0.0 0.0 0.0 0.0 
0.0 0.0 0.0 0.0 
0.0 0.0 0.0 0.0 
0.0 0.0 0.0 0.0 
0.0 0.0 0.0 0.0 
-0.793604964619 -0.731278395467 -0.764987935627 -0.888 
0.0 -0.7902848 -0.7902848 -0.7902848 
0.0 0.0 0.0 0.0 
-0.655859754942 -0.658489386292 -0.65591840588 -0.723867671657 
-0.581913905212 -0.460951343618 -0.460987856386 -0.450779595974 
0.0 0.0 0.0 0.0 
0.0 0.0 0.0 0.0 
-0.782040559176 -0.782040559176 0.0 -0.741173164021 
0.0 0.0 0.0 0.0 
0.0 0.0 0.0 0.0 
0.0 0.0 0.0 0.0 
0.0 0.0 0.0 0.0 
0.0 0.0 0.0 0.0 
0.0 0.0 0.0 0.0 
0.0 0.0 0.0 0.0 
0.0 0.0 0.0 0.0 
0.0 0.0 0.0 0.0 
0.0 0.0 0.0 0.0 
0.0 0.0 0.0 0.0 
0.0 0.0 0.0 0.0 
-0.655649378168 -0.65